00000000000100000010000000000000000000000000000000
00010000000000000000000000000000000000000000000000
00000000000000000000000000000000000000000000010000
00000000000000000000000000000010000000000000001000
00000000000000010000000000000001000000000000001000
10000000000000001000000000000001000000100000000000
01000000000000001000000100000000000000000001000010
01000000100000000000000000001000010000000010001000
00000000000001000010000000010001000000000111100010
00010000000010001000000000111100010000000100000000
01000000000111100010000000100000000000001000000000
00010000000100000000000001000000000000010000000010
00000000001000000000000010000000010000100000000000
00000000010000000010000100000000000000101000000000
00010000100000000000000101000000000100000000000000
